# time ratio # 10s output period
3.950000000000000178e-01 7.399788374006953384e-02
1.039499999999999957e+01 7.407812354606724270e-02
2.039499999999999957e+01 7.514209553432862898e-02
3.039499999999999957e+01 7.442056006434159821e-02
4.039500000000000313e+01 7.450269687162890120e-02
5.039500000000000313e+01 7.552082122153380705e-02
6.039500000000000313e+01 7.609973391932857434e-02
7.039499999999999602e+01 7.515813534940851692e-02
8.039499999999999602e+01 7.552426183997945630e-02
9.039499999999999602e+01 7.664219622237516960e-02
1.003949999999999960e+02 7.643632924427629094e-02
1.103949999999999960e+02 7.605016699116143308e-02
1.203949999999999960e+02 7.717868920712037117e-02
1.303950000000000102e+02 7.795073539273100760e-02
1.403950000000000102e+02 7.697611054634860561e-02
1.503950000000000102e+02 7.720942210724393573e-02
1.603950000000000102e+02 7.820156693091470657e-02
1.703950000000000102e+02 7.826696425750225006e-02
1.803950000000000102e+02 7.766804060148659039e-02
1.903950000000000102e+02 7.861379557191798539e-02
2.003950000000000102e+02 7.951645475685366338e-02
2.103950000000000102e+02 7.842099911307952309e-02
2.203950000000000102e+02 7.858230978948256562e-02
2.303950000000000102e+02 7.944745957619869792e-02
2.403950000000000102e+02 7.984827184487770790e-02
2.503950000000000102e+02 7.885219089192685438e-02
2.603949999999999818e+02 7.977571354291095040e-02
2.703949999999999818e+02 8.091433968416378297e-02
2.803949999999999818e+02 7.993984253559223430e-02
2.903949999999999818e+02 7.983556173725772642e-02
3.003949999999999818e+02 8.056329197188578928e-02
3.103949999999999818e+02 8.129079773842962098e-02
3.203960000000000150e+02 7.984612162256510270e-02
3.303949999999999818e+02 8.073567003885855076e-02
3.403949999999999818e+02 8.172243478260871052e-02
3.503949999999999818e+02 8.119628164688996730e-02
3.603949999999999818e+02 8.084750729046030759e-02
3.703949999999999818e+02 8.130114737999513674e-02
3.803949999999999818e+02 8.217231794820169244e-02
3.903949999999999818e+02 8.095364593965052868e-02
4.003990000000000009e+02 8.150491498294630544e-02
4.103949999999999818e+02 8.252603417605219871e-02
4.203949999999999818e+02 8.211202205615612815e-02
4.303949999999999818e+02 8.164169174366067705e-02
4.403949999999999818e+02 8.188473238967065859e-02
4.503949999999999818e+02 8.274682306940371601e-02
4.603949999999999818e+02 8.185731482046473828e-02
4.703949999999999818e+02 8.175813938012611859e-02
4.803949999999999818e+02 8.290390397053438998e-02
4.903949999999999818e+02 8.310893444964266574e-02
5.003949999999999818e+02 8.224760574620910980e-02
5.103949999999999818e+02 8.241065889755405660e-02
5.203949999999999818e+02 8.319075023196216556e-02
5.303949999999999818e+02 8.285135064412792183e-02
5.403949999999999818e+02 8.229973558383910093e-02
5.503949999999999818e+02 8.321512485656520908e-02
5.603949999999999818e+02 8.382512795582042209e-02
5.703949999999999818e+02 8.280054570259208491e-02
5.803949999999999818e+02 8.274409262374053664e-02
5.903949999999999818e+02 8.339907535854967913e-02
6.003949999999999818e+02 8.374699216810761737e-02
6.103949999999999818e+02 8.253105442500101308e-02
6.203949999999999818e+02 8.335193574508130421e-02
6.303949999999999818e+02 8.417493459696925862e-02
6.403949999999999818e+02 8.329238261559396284e-02
6.503949999999999818e+02 8.292416525183926579e-02
6.603949999999999818e+02 8.325559835777666950e-02
6.703949999999999818e+02 8.396895139414679854e-02
6.803949999999999818e+02 8.276978580848580458e-02
6.903949999999999818e+02 8.297395430934181859e-02
7.003949999999999818e+02 8.389237569952337492e-02
7.103949999999999818e+02 8.385524489066722986e-02
7.203949999999999818e+02 8.285582242520628249e-02
7.303949999999999818e+02 8.307109462288610191e-02
7.403949999999999818e+02 8.396284626851817368e-02
7.503949999999999818e+02 8.326051075586266004e-02
7.603949999999999818e+02 8.253617641492645707e-02
7.703949999999999818e+02 8.349823421387200795e-02
7.803949999999999818e+02 8.402193293046454625e-02
7.903949999999999818e+02 8.282310569330932071e-02
8.003949999999999818e+02 8.268489768944452256e-02
8.103949999999999818e+02 8.312421717584271563e-02
8.203949999999999818e+02 8.365994920107637511e-02
8.303949999999999818e+02 8.223207753236699835e-02
8.403949999999999818e+02 8.268018946722914542e-02
8.503949999999999818e+02 8.338453234269203873e-02
8.603949999999999818e+02 8.317608936234584249e-02
8.703949999999999818e+02 8.232527077630048817e-02
8.803949999999999818e+02 8.226606347335277403e-02
8.903949999999999818e+02 8.286382732376262883e-02
9.003949999999999818e+02 8.274976850431102482e-02
9.103949999999999818e+02 8.178062510681935460e-02
9.203949999999999818e+02 8.241115778356193633e-02
9.303949999999999818e+02 8.277543105310919413e-02
9.403949999999999818e+02 8.247266560471593067e-02
9.503949999999999818e+02 8.185869603827564123e-02
9.603949999999999818e+02 8.171616431853977180e-02
9.703949999999999818e+02 8.217950702008100516e-02
9.803949999999999818e+02 8.210151971486091826e-02
9.903949999999999818e+02 8.096064660749370534e-02
1.000389999999999986e+03 8.128994693239463554e-02
1.010389999999999986e+03 8.178939202329460478e-02
1.020389999999999986e+03 8.173872664533467225e-02
1.030390000000000100e+03 8.069867161477094208e-02
1.040390000000000100e+03 8.070101833534699953e-02
1.050390000000000100e+03 8.101139755838500378e-02
1.060390000000000100e+03 8.142242966392854164e-02
1.070390000000000100e+03 8.017777636601390590e-02
1.080390000000000100e+03 8.004757066810595789e-02
1.090390000000000100e+03 8.050496896875702912e-02
1.100390000000000100e+03 8.069455113771820121e-02
1.110390000000000100e+03 7.969964490953015956e-02
1.120390000000000100e+03 7.942467465138845772e-02
1.130390000000000100e+03 7.953067315895928635e-02
1.140390000000000100e+03 7.986620964766402708e-02
1.150390000000000100e+03 7.920699618476993720e-02
1.160390000000000100e+03 7.857082322531434848e-02
1.170390000000000100e+03 7.911152192855838705e-02
1.180390000000000100e+03 7.928404285236732851e-02
1.190390000000000100e+03 7.881499961434425272e-02
1.200390000000000100e+03 7.829080859983328367e-02
1.210390000000000100e+03 7.812731359959079747e-02
1.220390000000000100e+03 7.833690162943109103e-02
1.230390000000000100e+03 7.815632131570530994e-02
1.240390000000000100e+03 7.723829733033060752e-02
1.250390000000000100e+03 7.717975999676764121e-02
1.260390000000000100e+03 7.740026044749613587e-02
1.270390000000000100e+03 7.744852512402142231e-02
1.280390000000000100e+03 7.625010109009987269e-02
1.290390000000000100e+03 7.599779701564463030e-02
1.300390000000000100e+03 7.586968160299327468e-02
1.310390000000000100e+03 7.601594650205761861e-02
1.320390000000000100e+03 7.525752854246328671e-02
1.330390000000000100e+03 7.460041941791595299e-02
1.340390000000000100e+03 7.480603978725909597e-02
1.350390000000000100e+03 7.489698192565646950e-02
1.360390000000000100e+03 7.449929368279807618e-02
1.370390000000000100e+03 7.366527941894995823e-02
1.380390000000000100e+03 7.362565820321065324e-02
1.390390000000000100e+03 7.361642234101960225e-02
1.400390000000000100e+03 7.260052832403875167e-02
1.410390000000000100e+03 7.272072826748515739e-02
1.420390000000000100e+03 7.221020386122119217e-02
1.430390000000000100e+03 7.268196185823201649e-02
1.440400000000000091e+03 7.252128102436013191e-02
1.450390000000000100e+03 7.159747121436441097e-02
1.460390000000000100e+03 7.202353649937359714e-02
1.470390000000000100e+03 7.206179617707081375e-02
1.480390000000000100e+03 7.190744539297148907e-02
1.490390000000000100e+03 7.014871081630469352e-02
1.500390000000000100e+03 6.984929933904220067e-02
1.510390000000000100e+03 7.027382876045287774e-02
1.520390000000000100e+03 7.095224937170226120e-02
1.530400000000000091e+03 6.918298363174132937e-02
1.540390000000000100e+03 6.837578010686290453e-02
1.550390000000000100e+03 6.875456139162886005e-02
1.560400000000000091e+03 6.958918137461599096e-02
1.570390000000000100e+03 6.859426817673164312e-02
1.580390000000000100e+03 6.710753277195306843e-02
1.590390000000000100e+03 6.680605532618714981e-02
1.600390000000000100e+03 6.773709794187610100e-02
1.610390000000000100e+03 6.782098963683569348e-02
1.620390000000000100e+03 6.585000345068964256e-02
1.630390000000000100e+03 6.550193797958983599e-02
1.640390000000000100e+03 6.598841606777036684e-02
1.650390000000000100e+03 6.649408265315670530e-02
1.660390000000000100e+03 6.488150774398208920e-02
1.670390000000000100e+03 6.420592797427016052e-02
1.680390000000000100e+03 6.402959520003158322e-02
1.690390000000000100e+03 6.476734830872807325e-02
1.700390000000000100e+03 6.398069012712086223e-02
1.710390000000000100e+03 6.233710729734604633e-02
1.720390000000000100e+03 6.230155550436201894e-02
1.730390000000000100e+03 6.277145265316151634e-02
1.740390000000000100e+03 6.254497295419582381e-02
1.750390000000000100e+03 6.095839801514402190e-02
1.760390000000000100e+03 6.055680062738098834e-02
1.770390000000000100e+03 6.041607703665310275e-02
1.780390000000000100e+03 6.113822945827310923e-02
1.790390000000000100e+03 5.961522032566166085e-02
1.800390000000000100e+03 5.845667381966857673e-02
1.810390000000000100e+03 5.886120972216076636e-02
1.820390000000000100e+03 5.918860542413029169e-02
1.830390000000000100e+03 5.837004702501028680e-02
1.840390000000000100e+03 5.719511209312351518e-02
1.850390000000000100e+03 5.675211757827901965e-02
1.860390000000000100e+03 5.704469350099090896e-02
1.870390000000000100e+03 5.708506894323695652e-02
1.880390000000000100e+03 5.552761742053705790e-02
1.890390000000000100e+03 5.469405047851058632e-02
1.900390000000000100e+03 5.503968753937255737e-02
1.910390000000000100e+03 5.530226693743831023e-02
1.920390000000000100e+03 5.429964135856032992e-02
1.930390000000000100e+03 5.329323721767822986e-02
1.940390000000000100e+03 5.262521583178313145e-02
1.950400000000000091e+03 5.305239368299203423e-02
1.960390000000000100e+03 5.273158981890050528e-02
1.970390000000000100e+03 5.107407902998364196e-02
1.980390000000000100e+03 5.050633258778489121e-02
1.990390000000000100e+03 5.079387097101601550e-02
2.000390000000000100e+03 5.075027800479642304e-02
2.010390000000000100e+03 4.955650140728529163e-02
2.020390000000000100e+03 4.877108597606778090e-02
2.030390000000000100e+03 4.859476096657598665e-02
2.040390000000000100e+03 4.883011320657957427e-02
2.050389999999999873e+03 4.811672545696092651e-02
2.060389999999999873e+03 4.672544431743362592e-02
2.070389999999999873e+03 4.650723619384011798e-02
2.080389999999999873e+03 4.655663326517851808e-02
2.090389999999999873e+03 4.631135082553827081e-02
2.100389999999999873e+03 4.506440491087445460e-02
2.110389999999999873e+03 4.447784400103653446e-02
2.120389999999999873e+03 4.440230978466024742e-02
2.130389999999999873e+03 4.457374794954215708e-02
2.140389999999999873e+03 4.349299956325058947e-02
2.150389999999999873e+03 4.240302128404571658e-02
2.160389999999999873e+03 4.208186535754215862e-02
2.170400000000000091e+03 4.213051502228002537e-02
2.180389999999999873e+03 4.153267477022289100e-02
2.190389999999999873e+03 4.037603421028167910e-02
2.200389999999999873e+03 4.000768426125599769e-02
2.210389999999999873e+03 3.994396042014468351e-02
2.220389999999999873e+03 3.976344026536904330e-02
2.230389999999999873e+03 3.864134450809370014e-02
2.240389999999999873e+03 3.785822681375124177e-02
2.250389999999999873e+03 3.761682969448607028e-02
2.260389999999999873e+03 3.758475075983439689e-02
2.270389999999999873e+03 3.692335438078615112e-02
2.280389999999999873e+03 3.600792502282481461e-02
2.290389999999999873e+03 3.561910416254370632e-02
2.300389999999999873e+03 3.555096878926450321e-02
2.310389999999999873e+03 3.528261206889510976e-02
2.320389999999999873e+03 3.406643663610935124e-02
2.330389999999999873e+03 3.343469069372426161e-02
2.340389999999999873e+03 3.319941414593461509e-02
2.350389999999999873e+03 3.308210970978289756e-02
2.360389999999999873e+03 3.227528777859417497e-02
2.370389999999999873e+03 3.153467415947828340e-02
2.380389999999999873e+03 3.113063941480914698e-02
2.390389999999999873e+03 3.107496536507773494e-02
2.400400000000000091e+03 3.076827161881790298e-02
2.410389999999999873e+03 2.965258505707690784e-02
2.420389999999999873e+03 2.908850085437246491e-02
2.430389999999999873e+03 2.888014133962404917e-02
2.440389999999999873e+03 2.866044616260336048e-02
2.450389999999999873e+03 2.788418349363009155e-02
2.460389999999999873e+03 2.736307818920031068e-02
2.470389999999999873e+03 2.705407662766227267e-02
2.480389999999999873e+03 2.693375210745600767e-02
2.490389999999999873e+03 2.657929974572935741e-02
2.500389999999999873e+03 2.560346593212758926e-02
2.510389999999999873e+03 2.514398340772651397e-02
2.520389999999999873e+03 2.493611209490826860e-02
2.530400000000000091e+03 2.473353321952529577e-02
2.540389999999999873e+03 2.401203700596257068e-02
2.550389999999999873e+03 2.357939209013026893e-02
2.560389999999999873e+03 2.326786454467461712e-02
2.570389999999999873e+03 2.326957841199666505e-02
2.580389999999999873e+03 2.296659404502542079e-02
2.590389999999999873e+03 2.212203986571930139e-02
2.600389999999999873e+03 2.179164131786309050e-02
2.610389999999999873e+03 2.155438854354860267e-02
2.620389999999999873e+03 2.129804818626845203e-02
2.630389999999999873e+03 2.077472812301619023e-02
2.640389999999999873e+03 2.033492052921328369e-02
2.650389999999999873e+03 2.004221944411514397e-02
2.660389999999999873e+03 1.998975185832969209e-02
2.670389999999999873e+03 1.980971336963003454e-02
2.680389999999999873e+03 1.914306493455781785e-02
2.690389999999999873e+03 1.876193879617386873e-02
2.700389999999999873e+03 1.860174933959495014e-02
2.710389999999999873e+03 1.847248192544097278e-02
2.720389999999999873e+03 1.805535255204970477e-02
2.730389999999999873e+03 1.771028680760958901e-02
2.740389999999999873e+03 1.758892957915591040e-02
2.750389999999999873e+03 1.756180659732939006e-02
2.760389999999999873e+03 1.736590895672196835e-02
2.770389999999999873e+03 1.683818534980992959e-02
2.780389999999999873e+03 1.660977972330466776e-02
2.790389999999999873e+03 1.648758560590022140e-02
2.800389999999999873e+03 1.641427846108623606e-02
2.810389999999999873e+03 1.602678698241660413e-02
2.820389999999999873e+03 1.580848912415425481e-02
2.830389999999999873e+03 1.577493622107647986e-02
2.840389999999999873e+03 1.583289198698156416e-02
2.850389999999999873e+03 1.571563392735681949e-02
2.860389999999999873e+03 1.533903212702144268e-02
2.870389999999999873e+03 1.516667244187255500e-02
2.880389999999999873e+03 1.515760106742449105e-02
2.890389999999999873e+03 1.516688945106660184e-02
2.900389999999999873e+03 1.490070653574587962e-02
2.910400000000000091e+03 1.483616549266448398e-02
2.920389999999999873e+03 1.486073661331162310e-02
2.930389999999999873e+03 1.495936030249262090e-02
2.940389999999999873e+03 1.493871811917650907e-02
2.950389999999999873e+03 1.464472424111708769e-02
2.960400000000000091e+03 1.461643911337128995e-02
2.970389999999999873e+03 1.470868453937691084e-02
2.980389999999999873e+03 1.478838219896596098e-02
2.990389999999999873e+03 1.471103901664452297e-02
3.000389999999999873e+03 1.467462353244810593e-02
3.010389999999999873e+03 1.480981292719650740e-02
3.020389999999999873e+03 1.507390901709018509e-02
3.030389999999999873e+03 1.515785916536990970e-02
3.040389999999999873e+03 1.493346218222686358e-02
3.050389999999999873e+03 1.503011030243357228e-02
3.060389999999999873e+03 1.520681861353757013e-02
3.070389999999999873e+03 1.551988516892749241e-02
3.080389999999999873e+03 1.538850797379439674e-02
3.090389999999999873e+03 1.547269857804686038e-02
3.100389999999999873e+03 1.571028832032155681e-02
3.110389999999999873e+03 1.601831448566943747e-02
3.120389999999999873e+03 1.626949065806101297e-02
3.130389999999999873e+03 1.614707577555517942e-02
3.140389999999999873e+03 1.631714557395598855e-02
3.150389999999999873e+03 1.661017686965490098e-02
3.160389999999999873e+03 1.690537573435841115e-02
3.170389999999999873e+03 1.694463673496169470e-02
3.180389999999999873e+03 1.713229271181144001e-02
3.190389999999999873e+03 1.747950819672131062e-02
3.200389999999999873e+03 1.790626663488010042e-02
3.210389999999999873e+03 1.819751355393531625e-02
3.220389999999999873e+03 1.821996189616705356e-02
3.230389999999999873e+03 1.848670934683178946e-02
3.240389999999999873e+03 1.889257225415832270e-02
3.250389999999999873e+03 1.925132725511111836e-02
3.260389999999999873e+03 1.937124782520858318e-02
3.270389999999999873e+03 1.961231186032510315e-02
3.280389999999999873e+03 2.002552965056664247e-02
3.290389999999999873e+03 2.054569441820929335e-02
3.300389999999999873e+03 2.100953280914769419e-02
3.310389999999999873e+03 2.107390571376964450e-02
3.320389999999999873e+03 2.145941298617846243e-02
3.330389999999999873e+03 2.192563489692261544e-02
3.340389999999999873e+03 2.242067013898227032e-02
3.350389999999999873e+03 2.255961384133007772e-02
3.360389999999999873e+03 2.283441884142598313e-02
3.370389999999999873e+03 2.328915299641724779e-02
3.380400000000000091e+03 2.392849400855060968e-02
3.390389999999999873e+03 2.444529397125801140e-02
3.400389999999999873e+03 2.463603559235986312e-02
3.410389999999999873e+03 2.497245538805408296e-02
3.420389999999999873e+03 2.556613562279050691e-02
3.430389999999999873e+03 2.613010621669190070e-02
3.440389999999999873e+03 2.633675655299861154e-02
3.450389999999999873e+03 2.655234977902821633e-02
3.460389999999999873e+03 2.706848618101865764e-02
3.470389999999999873e+03 2.773062594136811720e-02
3.480389999999999873e+03 2.838654953407724821e-02
3.490389999999999873e+03 2.855296287102379593e-02
3.500389999999999873e+03 2.898349091121974266e-02
3.510389999999999873e+03 2.960081574077571068e-02
3.520389999999999873e+03 3.018216643809061225e-02
3.530389999999999873e+03 3.051909333655948575e-02
3.540389999999999873e+03 3.072896142484445731e-02
3.550389999999999873e+03 3.126604859464023056e-02
3.560389999999999873e+03 3.195450232593016054e-02
3.570389999999999873e+03 3.276497789139744959e-02
3.580389999999999873e+03 3.298015318585822281e-02
3.590389999999999873e+03 3.340801908100391598e-02
3.600389999999999873e+03 3.411996910666780652e-02
3.610389999999999873e+03 3.481987104302733393e-02
3.620389999999999873e+03 3.514746169056599118e-02
3.630389999999999873e+03 3.530106362993908065e-02
3.640389999999999873e+03 3.590320395967527833e-02
3.650389999999999873e+03 3.662144138068909593e-02
